-0.6950706687118798
0.4535894733767415
-0.8489232901059883
-0.807885843387208
0.9443655346208876
0.9845575448539806
-0.5652880680361958
0.5479610358164263
0.9603975064778337
-0.6010110495578898
0.44867603084846297
-0.38202430147874483
-0.6505261295415365
-0.9962783950549441
-0.5977133998102385
-0.9766485112484142
-0.9847820541385689
-0.8501037170697172
-0.8180789032902217
-0.4844621652498882
0.7267606056519514
-0.9447225422075556
-0.11711626291868618
0.5562130108287675
0.8636574071765107
-0.26268888165844545
-0.43950845865409593
-0.9870106518358475
0.4787762712719741
-0.49826176008993633
0.9548314717246688
0.9291230140424652
-0.483986221297918
0.9998375773526003
0.8517178916096175
0.29302849245978885
-0.9826722800635206
0.5562785710567517
0.9816911712183383
-0.8573880367714914
0.8628274864604275
0.6848945298043907
-0.43985035259679306
0.7660087382214342
-0.8955968837395663
0.2081376329086959
0.6609936143373979
0.9112754121044503
0.5861811209391996
-0.9609178564134541
-0.8699454253663292
0.11797824892124908
0.3380870103623351
0.8974414872572566
-0.626620822147963
0.5294564376260884
-0.6945664476725224
0.9463113728572587
0.3325114517441838
0.9348090290360666
0.9999848227150278
0.036179173246545744
0.5504081390052046
0.6350337088267274
-0.5027312096173198
0.7935342157289573
0.4691529865030818
-0.09886331654616053
-0.31405047220303683
0.741590614593687
-0.4388134534424428
-0.9489160083601097
0.8998696398738972
-0.8725817477755862
-0.7337238714938484
-0.7862753588000538
-0.9999036089721642
-0.6501404135537593
-0.5084638363378875
0.5832929342019241
-0.3068040922811795
0.9182041847540745
-0.9550102419244484
0.8615872334739049
-0.8557009056257414
-0.530618232295484
-0.14919263877819422
-0.06328707848179964
0.871681670856872
0.12740078191389925
0.2795444537771648
0.877144538766687
-0.946704185661404
0.9671857893574228
-0.8683826580668927
-0.8672715889358374
-0.9480835750527357
0.3407588794990941
0.32143534852470274
-0.38892198249123033
-0.9150882588464593
-0.9671434717042
-0.92758027571867
-0.1538162134347237
0.8988511826082065
0.6007340067298025
-0.1034162017752659
0.680394853616041
-0.8969218991516217
-0.570570510068989
0.08458545893838468
-0.43836353379404575
0.8139156052439799
0.7616385848604083
-0.9595569305921647
0.9045131024602338
-0.5734991998177714
-0.5574791241138823
-0.8477767690017494
0.9491352082282665
-0.9381166898022283
0.9531599635460445
0.21209022982578668
0.899540040165217
0.35621782246991923
0.3851704673018273
-0.7894957708444823
-0.9916551398047909
0.6566796892516168
0.7601597109787477
-0.9226058236312932
-0.384828303341983
-0.941544114355936
-0.3516744360257451
-0.5293613565033062
-0.7934435042723568
0.9913878707338014
-0.06732152929265545
-0.9132426334318144
0.46531203848150005
0.8576241391947066
-0.9951895865064931
-0.941794894979337
0.8928593710767202
-0.19442674110452984
0.12485862882044331
0.23064728993264516
0.311995113622363
-0.4714738519655943
0.7013101411605693
0.958258473779408
-0.19148845013482094
0.1675817861231566
0.7098993411572961
-0.965742644503428
0.035289116769634594
-0.8216898093161461
-0.7935061596884065
-0.9768746944216119
-0.9960405312115649
-0.9161865168483562
0.9891026005553047
-0.04759204500195871
0.9849319400139778
-0.2984704894659417
-0.33080417559186676
-0.6418795972918302
-0.9996999561630806
0.5267242468212957
-0.33067163630121515
0.8214456872291933
0.8282935444886764
0.9233533960102989
-0.8593535221880121
0.6098469408239541
0.46196105639809143
-0.8735697531544746
0.9298596901307098
0.19241155068245142
0.8915416973328099
-0.9678908429202352
0.9999876766782341
0.1099041530677091
0.5927436288499439
0.3270476947710061
-0.2292308405558746
0.18898926735472138
0.9950896646714472
-0.8889176512180977
0.4799191338362611
-0.2625240935581543
0.8454734209463508
-0.9083494122570285
-0.4110183841260168
-0.5061182137853363
-0.9399346215125832
-0.5199958620767862
0.9982725320138099
-0.5285583525862859
-0.519564117647617
0.899472594529525
0.995673507605241
0.7217221520885253
0.22839710120663262
0.6536220805139233
-0.18610198903015274
0.9893718960259076
0.567204464896814
0.09890295212964932
-0.021231515868736683
0.05829323068523658
0.8515479055768913
0.2685912802303619
0.920690580961496
-0.4038607463669727
-0.9556301739097839
0.8761456720935082
0.9999971001828691
0.4066077264251888
0.534347782817911
0.5931780210297117
-0.46299124186555696
-0.9739667249523491
-0.44611220736522184
-0.3193443756999249
0.12656481253795457
-0.3286358581835115
0.7705981595749979
0.28349487444273047
0.5601708390455843
0.8359891429360605
-0.2282112499015482
0.8622760050589264
0.5970143447525432
-0.713306055518609
0.4357171883520284
0.6436673342012256
0.9952951124834033
-0.5116876554362575
-0.7982620043117562
0.9211858925022678
0.9908123931562564
-0.03216770617754866
-0.6101958371151384
-0.07495587034115032
-0.28694248764982805
-0.8192313599109508
-0.8234048770492232
-0.5453247794824684
-0.6699873598769827
0.9330153854758934
0.9806517680852551
0.33547483121110305
0.6728737960006359
-0.5674137132501302
-0.2920011806759018
-0.5991639652741563
0.7069488134807045
-0.5597258767255608
0.7012778492316663
0.4353035200391356
0.9211366545578161
-0.8879840619883018
0.4716819142678363
0.9600471730345709
-0.29061828724138944
0.12435392017453546
0.7774859313210303
-0.28206477431267213
0.721725212161022
-0.2824771589781575
-0.9983491792796106
-0.38015948280174355
-0.12379516066264261
-0.431264124890211
0.8993523892169498
-0.8416541518704129
0.48719074914324517
-0.6988507113918311
-0.2959315147579841
-0.06758721332309536
-0.18639486938381064
-0.9259414657056234
-0.9321629072255662
0.9992395898846743
-0.8474717947416442
0.8319081601070765
-0.5737366280171998
-0.9818540823856807
-0.6896083551003159
-0.24212157171778168
-0.6501722943246203
0.111383779410909
-0.8835504360990556
-0.9149090461360748
0.03249299019353961
-0.22469608258167362
0.3471050860316896
0.24153606940408726
-0.9091059545384075
-0.3592051678906358
-0.28933016234560305
-0.742051343703275
0.7790659973293929
0.6962807644119644
-0.8465285797463734
-0.08010116847127567
0.38080879745646434
0.9998288048945432
-0.9414966687555879
-0.6107998494425104
0.9927630036086668
0.9207181418359655
-0.936762638700192
0.6506671353706528
0.9332281714346744
-0.39828331390203714
0.9549419430568941
-0.22064530081167916
-0.97722888062141
-0.28832505762975036
0.20342479938377656
-0.909066341306159
-0.8942004610506931
-0.8483930433074012
0.6246578275222365
-0.988526947591959
0.9704750392210404
-0.2487539446734695
0.10082075117255798
0.9051518665438786
-0.18336461614693683
0.2011013276430997
0.6739017262322555
0.9121352461782632
-0.8476320966810174
0.9940388935876544
0.5763475396232187
0.5297937715711831
0.9561352731196012
0.6423056388111795
-0.7866492743474808
0.44155723880767167
-0.5257501053849685
0.24763805950195616
0.9998607528587348
0.5578310783890945
0.6262592876031294
-0.5749934049130196
0.8313983040880628
-0.4846850585670653
-0.8644392702235574
0.7354180198195215
0.994905536715019
0.8108266941473171
-0.8383105558740432
-0.8685825281835718
-0.9999068902350281
-0.6925992277792281
0.23834856532801857
0.03147713287208447
-0.4885594942657907
0.3246538651587582
-0.8541559998472281
-0.2914181231482965
0.9997173842226492
-0.9144001147565475
0.650063201537493
0.895042132283238
0.7570108297368903
-0.9076326424949306
0.30222155215340807
0.9763792242871422
-0.9881926982368696
0.9983226846730388
-0.23115740594623244
0.9824166011664126
-0.22158886993952173
-0.7855374377094854
0.6625595652313899
-0.6086815619934316
-0.7493898297302798
0.5344573599750725
-0.9371445618128222
-0.9077085535770927
0.6678042114573804
0.9900475620351014
-0.309765796157289
0.33678692135815913
-0.9847902067736382
0.35059791814576885
-0.9364362347056993
0.9992374123193618
0.9828894767500344
-0.9228994886980089
0.040686191566396725
-0.4960969587970124
0.4375530552476028
-0.9997185451114535
-0.3292525340687792
0.972148465481007
-0.5356207985269656
-0.8549121800924494
0.07668547701596519
-0.5112952985080109
-0.8751104993767685
-0.037444593821671514
-0.18005820764671324
0.41886056253215764
-0.02705085611327208
-0.9862952117552408
0.9388356168139433
0.3661992298174423
-0.47823521491939847
0.8307787356029196
-0.7485146455453777
-0.9670056310116679
0.45655832731258533
-0.675926216583109
-0.25033867960407746
0.6017463501997227
-0.00816850584791283
-0.9700639074556304
-0.33020655892892176
0.9861914796841659
0.7138565560903147
0.832353058143993
-0.5969622986464349
-0.37902201801699203
0.9970725712748015
-0.15031478820114197
0.7728318166359738
0.9830523499390674
0.8584758754200058
0.06897595758541838
0.7666261984265086
0.8098605100405375
0.5331409882595919
-0.9956562812040568
-0.9321454562782696
0.676966336462592
0.8639470295780274
-0.4943001538832585
-0.6108832216633812
-0.7517532526715547
-0.5410994706850618
0.9999909328317325
-0.02790185459380296
0.28910113055326025
0.5575458380952177
0.33398820374760935
0.5771199003926432
0.2849423689460784
-0.830099544657695
-0.7502357445663688
-0.8673814556162311
0.2961243906467056
-0.9920954336044296
-0.15433733428423255
0.9713553033648415
0.6141475173418216
-0.9528116852947601
0.927163327079761
-0.7675634628472664
0.9962445338123007
0.7022839551301664
-0.708263167623183
-0.36531177042770835
-0.9419899042987583
0.4768791527864727
0.9293138536988327
-0.9693246996076899
-0.9499874791326441
-0.9608779596862687
0.8508168261475532
0.44556899661125765
0.7008723255834546
-0.5788046373614327
-0.2529633963050102
-0.781152548355985
-0.9453983463869322
-0.010965085159972594
0.27449047737157717
-0.6922239708675212
-0.7113575069332614
-0.7681582484593132
0.9379370241124536
-0.9185072610445781
0.8027900507879917
0.1093236294527489
0.6768979674671902
0.9960126068720998
0.9956036625215381
0.013117799261152181
0.38572100295375433
0.606031218669742
0.9931412349800182
0.28403560444136183
-0.9396626344225438
-0.9999999215806593
0.9999987440238433
-0.557048060307336
0.9892563785171368
0.1459876755145589
0.4267665908305572
0.9377138890919602
-0.9757006637372342
0.968571714843109
0.9945082279591144
-0.31867197298000755
0.5871511320945425
-0.8479489814824631
0.371462411297207
0.6825792730961368
0.48260656878096286
0.15494304030693082
0.8708371875050023
0.7844809722457918
-0.3860028744784246
-0.9997642915585399
-0.9904052238689107
0.9405987972738282
-0.13351373085490748
0.08591936785792151
-0.2603885870410659
-0.6230924897897144
0.9817642261205405
-0.8380995760968616
-0.9590638977318345
0.5752955171389317
-0.9400300663494294
0.5887558758635846
0.5707146343736862
0.17929790626937148
0.3956489102946328
-0.2930803298363535
-0.852873519044803
0.9639530024985756
0.3188001381735085
0.9101605560350777
-0.5600638254235923
0.9810711366538302
-0.831671648628213
-0.9649334530367191
0.4697840051755404
0.08370030818819525
0.40446872215282487
0.9599606325507892
-0.4690490301311433
-0.7678832181161063
-0.6212330535882955
0.998668769960928
0.894422660562446
-0.7759348130490137
0.9883915659478999
0.5239420601802625
0.6657811089191008
-0.5531281992610039
-0.9817254859084151
0.9428564704754056
0.8391511792686905
-0.3343663049079601
0.9893702018147734
0.907017282526732
-0.4020322756632887
-0.17908116292041368
-0.8221096106529195
0.30743584372167765
0.9971486466730866
-0.49771721733571916
0.7979428951196929
-0.8530629647408758
0.8981756590801683
-0.5182402158787098
0.9757904499415025
0.8226059989142018
0.9611000075089065
-0.4100609188901274
0.6094721255176644
-0.9780106073069548
0.9901660865631811
-0.45095154449298686
-0.03592324298925722
0.9357130271781227
0.8966285044394358
-0.4974510065429855
0.2998279096532401
0.4218729143487449
-0.9977281055601636
0.9819266710955853
0.9843930857162438
-0.9986326303326989
0.4715106954039805
0.7394882365499187
0.7412017632982131
-0.3428408922532296
0.9929270074609693
-0.06265502503630736
0.08239009142658138
-0.985110143988657
-0.5687608056940393
0.711904823287505
0.026934492604725288
0.7612115294448846
-0.4905902008653777
0.6815515557736249
0.10576174436817223
0.9809686503722254
0.9997066721835534
0.6179756096936555
0.38199505827634983
0.5913435672128418
0.05050443533115657
-0.8907133752377615
-0.8116204796889688
0.6500694217052942
0.5265148728511866
0.2112885502566727
0.5933696640589756
0.31124292439053625
-0.8795582776703583
0.9994705209445243
-0.44933435215028733
-0.1685074392379751
-0.5472765039449283
-0.7218170389862543
-0.873236820826767
0.7591089028851852
-0.23487041156061206
