-0.7189414200728875
0.8912107436750357
0.5285160806594479
0.589339006052153
-0.3288977607406367
0.17506124891335045
0.8248935689747529
-0.8365038572696417
0.27863350399971537
0.799240713620949
-0.8936944776276001
-0.9241522780795799
0.7594838739457922
-0.08619373264190873
-0.8017098550518672
0.21484339756263396
-0.17379386020979215
0.5266152962307972
-0.5751059971791879
-0.8748122143874021
0.6868908370857838
0.327870886546661
-0.9931182109698529
-0.8310397623367953
0.504079242807266
0.9648805892197413
-0.8982384509535878
0.16065482614156226
-0.8779369465211639
0.8670266538187155
0.2971478766609364
-0.3697707732861603
-0.8750756182146562
0.01802273324674017
0.5240006041142202
0.9561037091271759
-0.18535153086705733
0.8309958792816354
-0.19047951163305557
-0.5146705299520536
0.5054984951593632
0.7286422188180031
0.8980710814409274
-0.6428301587265537
-0.4448665213701496
0.9780995479843373
0.7503915256752194
0.4117974299262494
-0.8101800376795663
0.2768336562374099
0.4931480070771821
-0.9930161795164648
-0.9411148566589831
-0.4411335137455365
0.7793242876047242
-0.8483371267699487
-0.7194285577926227
0.3232565321861418
0.9430992177172958
0.3551507837984404
0.005509477252389024
-0.9993453194082597
0.8348957303261453
-0.7724844261561338
0.8644427863524031
0.6085256350125511
0.8831169091661869
0.9951010223296395
-0.9494062886399318
0.6708527113655856
0.8985781841764895
-0.315528776941052
-0.43615895179764735
-0.48846810893742415
-0.6794477760652975
-0.6178762498622573
0.013884263194033054
-0.7598140842759805
-0.8610833450581644
-0.8122618745885528
0.951772687651585
-0.3961074034906511
-0.29657282043269995
-0.5076095341054806
-0.5174707335794808
0.8476109317107795
0.9888081495084874
-0.997995363565001
0.4900725096270673
0.9918513198900968
0.9601327503852926
-0.480226465442895
-0.3221043074086063
-0.2540701652399568
-0.4958947057276151
-0.4978353051207878
0.3180212802867501
-0.9401507251725767
-0.9469315269431063
-0.9212706939521582
0.4032536156333326
0.25423120410356254
0.3736239179946545
0.9880994749945997
-0.4382539806137859
0.799448968451619
0.9946381699946858
0.732845715804361
0.44218899446079407
-0.8212486182877958
0.9964162283585022
-0.8987977593650289
0.5809831215623443
-0.6480020571354961
-0.28151464784721875
-0.42644583182130263
-0.8192061204656469
-0.830190957658067
-0.5303532312911411
-0.31486879251759026
0.346319327087747
0.30246666575492764
-0.977250087957246
0.4368383180761043
0.9344029446415444
-0.9228454427034313
-0.6137560002302843
0.1289189035740709
-0.754169600106236
0.6497362648065035
0.38574407863455673
0.922988178118729
0.33688971596309697
0.9361223696963844
-0.8483964605306764
0.6086439069998175
-0.13095835124916388
0.997731332420556
-0.4074161171118842
0.8851467148694565
0.5142770030543254
-0.09796778505730902
0.33618800661365006
-0.4503355898443779
0.9809170415195528
0.9921745425120918
0.9730374235592002
-0.9500837063521134
-0.8818800411125794
0.712856286992927
-0.2859033008378176
-0.9814948667542608
0.9858581768995845
-0.7043031488105366
-0.259501723669662
0.9993771451447242
0.5699349588031913
0.6085622191169586
-0.2138126081377861
0.08890028224805337
-0.40075212581504394
0.14722786955849498
0.9988668566193052
-0.17294239948694506
0.9544188634545951
0.9436994211140459
0.7668054398479955
0.024494849408289467
0.8500362155876293
0.9437458709556704
0.5702867550036195
0.5602943906183471
-0.3839511766829842
0.511381974558214
-0.7925192166551324
0.8869002099286928
0.48669896894654524
0.36791433333049195
-0.9813143202684727
0.4529386293052653
0.25137087379240364
0.0049645233071934705
0.9939421900384697
0.8053912033650479
-0.9450078334833901
0.9733720880208386
0.9819791529481293
0.09897756949969401
-0.45806703587237146
0.8773127292920426
-0.9649254376901198
0.5340175039015805
-0.4182120816670783
0.911627055275587
0.8624641173258981
0.34135451847309256
-0.8541687792368788
0.05875331332560532
-0.8488969713170564
0.8544314645734046
-0.436977175250979
0.09292075254256191
-0.6921828769802872
0.9735680583094369
-0.7568210989822167
-0.9825304319353273
0.14540719154876974
-0.8235770121859394
0.9950970837360746
-0.9997745859612134
0.9982995037844493
-0.5242768014204041
0.9632542365254436
-0.39029329244656896
0.9148204728491333
0.2945691272234011
-0.48204643061827007
0.0024082412364245893
0.9136028441348784
-0.8452647200715185
0.8050713231554549
-0.8863628545667904
-0.22669102030207341
-0.8949770379399291
-0.9476387337529134
0.9919583399655615
-0.9444567076981278
0.6373213290480918
-0.95897375155147
0.8283771068076219
0.5487459821201709
0.9736116399357462
0.5064386350779512
0.8022305604747874
0.7008526743620823
0.9000836248786015
0.7653054049739149
-0.09688982953153281
0.8591715447302395
0.6023103622487145
0.3891227973979427
-0.13524348992824828
0.9994824854289719
0.7922506171454557
0.9971868518494419
0.9579478110948051
0.5734631452311947
-0.567454322788675
-0.8382248414849068
-0.7423725059598251
-0.35983647739670616
0.19576033753358466
0.9420491694300686
-0.7397572944254721
0.8234328618750281
0.9564179580517501
-0.8006263440063346
-0.7072647136102749
0.8286778281840309
0.7128880544496509
-0.9002837582904281
0.3892393397769997
-0.4598742280828051
0.8817687745393514
0.2798382131666951
-0.9568390727394451
0.9922379263751337
0.628900331211449
-0.9593953632845749
0.6921796863034394
-0.9592740247998112
0.05743619269874868
0.9249209521012651
-0.9923077940823152
-0.9022257226341314
-0.4372245189942623
-0.5400169336597658
0.8732955822338984
0.715267560558377
0.9552091595944027
0.9977133699591373
-0.9824749119786175
-0.3776670518948162
-0.3620391061650391
-0.03899028093138051
-0.530840425285581
-0.5549133384117368
-0.8190398535306163
-0.18963797326108733
0.7241825160661065
-0.9702459196043605
-0.7597868041053749
0.9937774668828742
-0.4683360191883266
-0.403660051650368
0.9994719633828067
0.9744288945184506
-0.9378262415026215
-0.9703918420807256
-0.41656495702688556
-0.9332586176192857
0.9572293649680138
0.6703430489743024
0.6269419205996345
-0.7177695292431202
0.5323432761598365
-0.9967867388812596
-0.9246538053670473
-0.01850299713964025
0.33702228816820234
-0.7917850364341363
0.1200900439915749
0.3902282707520395
0.3499653679086739
-0.7593630745226875
0.35928426077507764
-0.9172624498294975
-0.2967926639772682
-0.9753541158111364
-0.21218792350043403
-0.9575325901204622
0.9790905734382649
-0.4166513975786401
-0.4476667683184981
0.5293668331767737
-0.780898584014083
-0.15104460892241137
-0.2412015718209979
0.9685667116979545
-0.9949046065492918
-0.42508834198567785
-0.9830449722903254
0.9795704446440708
-0.7388209954929449
-0.4098893663896626
0.5305844218181895
0.10902604292109283
0.8172046950246078
0.8481264997654424
0.2929254845459945
-0.7664486064644925
0.6174001289023042
-0.8972330827920607
0.8506390695751603
-0.9688526159773249
-0.016687567011526495
-0.829954509586676
-0.7796148438112379
0.8181580435994822
0.5556769384808884
0.8746887412113182
0.5027372555275406
-0.6776137071552891
0.10081157182486508
-0.5852863163086364
-0.545193004274773
-0.49554454061591147
-0.013645910028848894
-0.7213226113741458
0.971179675140535
0.9995044722792156
0.8725305843136703
-0.9458328963603871
0.5200168535009053
0.9565957753935171
0.02377291911028152
-0.4048115983185423
0.7598801445009764
-0.4459815931603844
0.6534023290906338
0.41976539433077326
-0.9532377108643912
0.21606390346478188
-0.15321615825798232
-0.057894881183196106
0.9729163652011454
-0.18670195969146602
-0.9751401810606133
-0.6188141352270617
-0.749009227259846
-0.793414618020891
0.6621290532039976
0.8451954391550369
0.3489413564836554
0.419601217542302
0.7443369768859976
0.1407331691832176
0.9508128898637422
0.9415808885072451
-0.17374765794892028
-0.936526080678938
0.3508378234030826
-0.03904604744792752
0.1841962988065821
-0.38504095075842754
-0.9991719740944611
-0.8682671290981568
0.899192595523055
-0.02372405024945513
-0.9442419016381806
-0.2343658700897454
-0.8444586195814071
-0.5187727482526192
0.9970553332763603
0.8594050952394942
0.48392314873391074
0.9992987052896296
-0.9836559570597095
-0.9080505653074857
-0.9996340586352283
-0.16499016718788057
-0.34436562633570533
0.9305364711181997
0.8782317912777906
-0.5566028139257062
0.6631182589886041
0.2547549991496259
-0.8896934830387003
0.7369693004024278
-0.9681583266667116
-0.7986872541998606
-0.9999666371995681
-0.24284977960029971
0.9439086970890355
-0.16560907402179248
0.7002919514937147
-0.5542457817596294
-0.8022692901979762
-0.9253876538285601
-0.07646102020935783
-0.9886381868247078
0.6346108911728041
0.18332505905979513
-0.512853947359143
-0.9976183224435959
-0.6420936628608941
0.5866224972474892
0.8460264101300773
0.09310515398681321
-0.36208403491424
-0.7360139803675041
-0.5035826943842522
-0.8692912963276389
0.7917207143242927
-0.6594444988759385
-0.8409585975684807
-0.004258433317731747
0.9996106674652018
0.9572985617417519
0.8301461548563007
0.94257725399961
0.8166594275282602
0.958544650175148
0.5576152311039284
0.6611704224895018
0.4976438590529055
-0.9551493837427302
0.12548565902619604
-0.9880182120011943
-0.23763180474211898
-0.7891912486481821
0.3035620074478344
-0.3746573967218426
0.6409729561392689
0.08658422979452803
-0.7118969352137502
0.705948500521373
-0.9308852294386099
-0.33564120754045723
0.8789688695498016
0.3692908898462358
0.24578369907392525
-0.3122879912696035
0.2769721043519607
0.5254623947954833
0.8952476022078122
-0.7132867468495682
-0.8154662419554229
-0.9674758498948872
-0.6243402086979105
0.32591711622566577
-0.9999398816466091
0.9615898178705532
0.7216827378816825
-0.7028303474734817
0.6402600294598438
0.34680562106037827
0.3954041115218545
0.5962618001816097
0.9940062092579091
-0.7360768585132851
-0.08921259413246514
0.09366614742637432
-0.9999139579696565
-0.9226154712990401
-0.7954408601509401
0.11692085948351703
0.9588137334277342
-0.3421025189472955
-0.0003960286291864186
0.0015849134790542007
-0.8304802577471873
-0.14619103106264597
-0.9892864087805189
0.904361806441904
0.34740849472059704
-0.21910776979085123
-0.24873446324520293
-0.10465841830269618
-0.9478650608799911
-0.8094773301829379
-0.530077847870342
-0.9284479936933812
-0.730811559801533
0.875837256440639
0.9879234050575201
0.4915715541590843
0.6201528877497041
-0.9224975777173583
-0.021710857294240576
-0.13819367761649917
0.33952010627800483
0.9910469634044612
0.9963020938585321
-0.9655039014622143
-0.782148163181155
-0.19010261521067023
0.545517277953926
-0.2831897598209037
0.8179456387559317
-0.3410915923312789
-0.8083109046871156
0.8211484677643317
0.9837948265809389
-0.9184018400366311
-0.956087820371651
0.522117573456529
0.2660725633619164
-0.9478219621324206
0.41425567254766477
0.8284494622195683
-0.1936476822085966
-0.5552677452076883
0.26249463082248714
0.8827813933705375
-0.9964909725678407
0.9145518316640456
-0.28013493882893037
-0.8831721278058053
-0.6405898557857845
-0.7836258629788593
0.051581856352084364
-0.4472226562601626
-0.6308130990226758
0.15192798413412262
-0.8517539066972704
-0.7461471135147897
-0.8330961500224804
-0.19030257569955877
-0.3331991537844306
0.5438982426262894
0.9424431941195167
0.14541871874347753
0.42109339723845407
0.9156254962182941
0.9838343036746952
-0.5693292439986769
0.9515688109617403
0.07546241738794274
-0.8673393635524612
-0.6027330554466072
0.5218079897697114
-0.43963676533691454
0.8552351013879097
0.21870756229028773
0.5686117924826816
0.276200607469245
0.9120581356465082
0.7928074975786873
0.20855515336495895
-0.13989682276647675
0.8925484325902935
-0.9993545520050102
-0.3527621447507568
-0.44278360970873876
0.8674920726377681
-0.9539933042705114
0.9066549752463152
0.06736933557136497
0.18926175681088406
-0.17598367195297376
0.052276855632250374
0.8818603427525555
-0.6731694794064058
0.6712823147406908
0.9393934865640752
0.11872639914780654
-0.9980352437853584
0.9966001569509808
-0.1719244142367437
0.8225029762294281
0.7022759589933193
-0.9996372007424124
-0.6485036680236895
-0.871390414690722
-0.7317700983386459
0.9943914990727754
-0.19416618394276233
-0.02421919882418461
0.7861972690258818
0.924164366036934
0.8064197328413978
0.9987238367095685
0.4545653783258846
0.5841850708032928
0.7598748232200777
0.8501659183162419
-0.977423730288166
0.8049300850226301
-0.9503303857168973
0.47579116866704535
-0.032537328760690744
0.8933636661392054
-0.9857003819221438
0.8369518673315789
-0.6920839271570438
0.48729606478234655
-0.6509636499532447
0.9720266919037505
