-2.373074461951733
0.4707888672108384
-1.013944716202611
-0.9405559078284421
1.905932489979031
1.3948283493931652
-0.6007824302400286
2.561667850523082
1.2884253560410213
-0.6447655206039372
2.6763093225370813
-2.749606904696942
-0.7082769775432797
-1.6570971452066894
-2.5009467418587694
-1.3542648465549763
-1.7454771838551335
-1.0161822128729017
-2.1835300373491235
-2.6358443908749223
0.8135940829721945
-1.2367473274179246
-3.024206992477279
2.5517707689032285
1.042480807503929
-0.26580790086713124
-2.686541281631417
-1.4094422657678494
2.642332340388504
-0.5215927893158319
1.2690921105803934
1.9495586223884875
-2.6363883616727835
1.552772617718075
1.0192550261993691
0.29739284253577625
-1.7572259065690927
0.5899007761691641
1.7624469048666191
-2.111419659900232
1.0408367131505571
0.7544589400502226
-0.4554320345695833
2.2689835727140664
-2.031821543373308
0.20967050568391862
0.7221421178151196
1.1463707083352102
2.5152555133965344
-1.2902989133659457
-1.0550916439139668
3.023338988829015
2.796709184723539
2.0276576589953255
-0.6772095771882691
2.5836329550917605
-2.3737755625398473
1.2416275626855553
0.33896530657199286
1.2077209654258048
1.5652868216693696
3.1054055830075993
0.5828530094135402
2.4535404974358435
-0.5267553864681529
0.9165950352458193
0.48833141519716333
-0.09902507663427002
-2.8221362931807104
0.8354382953810661
-0.4542777758513454
-1.8918101724018481
2.02212211295643
-2.08112963072695
-2.3178060671020515
-2.2368351281439174
-1.5569116174775293
-2.4338234315890035
-2.608192794429655
2.518815805650605
-0.311833359185627
1.9780699181929824
-1.8718983400029956
2.1032043513314926
-2.1146888434950575
-0.5593297811274501
-0.14975172302506315
-3.0782632519745876
1.0586233921969341
0.12774796321152795
0.28331961470871914
2.071709205820668
-1.8987477478876336
1.8276825266837453
-2.089661168440746
-2.0918973264634344
-1.2471546451745315
2.793868684832319
2.8143477663373537
-2.7421314922893125
-1.1557267332113168
-1.313743620751718
-1.1878835143165694
-0.1544292974033658
2.0244515771429565
0.6444189332350179
-0.10360143247098524
0.7483012950036293
-1.1127585544134888
-2.534392279697421
0.08468664899975618
-2.6878155182868166
0.9508602648275517
2.275754610205687
-1.8561685580257923
2.0113560754305713
-2.5308217006767406
-2.550246461623423
-2.1298134938788764
1.8911147386947966
-1.217151548997772
1.2635168493727897
2.9278792990354807
1.1187154416098186
0.3642170601925533
2.74620011892264
-2.2316056374335553
-1.4415176185169079
2.425184983103269
0.8635588886169507
-1.1747821432934222
-0.39502179274104954
-1.2271847762699444
-0.35935919756491463
-2.583745030580092
-0.9164459821298784
1.7021319213282178
-0.06737248559378618
-1.9904192474643345
0.48398710597933803
1.030631913919209
-1.6689215032593716
-1.2279299520598557
2.0379374899188694
-0.19567300508868876
0.12518534369085238
0.23274285661559518
2.824300408584236
-2.650631359486037
0.7772337146785147
1.860745271008792
-2.948914217339149
0.16837625268618484
2.3522373743078764
-1.8333025424467972
0.035296445261407884
-0.9643696291686795
-0.9165489316873117
-1.7862724939203463
-1.4817785257700455
-1.9831339565075816
1.4230313148217726
-0.04761002935735324
1.7446126312628898
-0.3030896946602227
-0.33715560027771113
-0.6969469634029072
-1.5462990272496782
0.5547422805372914
-0.3370151572238217
0.9639414280911757
0.9760551512796576
1.9648679956744628
-1.0340041485355471
2.485725206943095
0.480205063819859
-1.0624893526338786
1.1940312949029848
2.947973626184719
1.1007376159732347
-1.3166999799296952
1.5658317830944632
0.1101266183799505
0.6344611667298705
2.8084148808535896
-0.23128740839845355
0.19013276321869274
1.471656434073752
-2.0466157896253603
0.5005625352367424
-2.8759555347573253
1.007451072920012
-2.0022724372928673
-0.42357088731883324
-0.5306780065211849
-1.2224387283406428
-2.59474654728692
1.5120091585855608
-2.5846912474711026
-0.5463407283813331
2.023031582407309
1.4777413349330297
2.335305549344381
0.23043094724853133
2.4292321351685247
-2.9543993275394147
1.424871801013458
2.5384851639653894
0.09906490742635322
-3.120359542283288
0.05832629564979279
2.12266194236724
0.27193027369732903
1.9717464550141317
-0.41573315750985285
-1.2717917176385025
2.0737852620382062
1.5683880832306496
0.41873790806836336
2.577856707739473
0.6350006293526632
-2.660225680550492
-1.7994752329679105
-2.6791760554224675
-2.8165550974869733
0.12690517134154258
-2.8067338087785356
0.8797791724398079
2.8541561072966144
0.5945920190459829
0.9899328695801379
-0.23024005443603177
1.039746761353304
0.6397742396830279
-0.7942041474720155
0.45083492515375084
0.6992806536892024
1.667838394787408
-0.5371479261977462
-0.9244041267622091
1.1711171794562172
1.7064555329044544
-0.03217325641205102
-0.656307758265592
-0.0750262368507604
-0.2910335734819826
-0.9600693848215384
-2.174207229458117
-2.5648161266091716
-2.4074008929255934
1.9388889518130428
1.3737635975741187
0.3421092256886307
2.4035059135874035
-0.6033615844607324
-0.29631854183350104
-2.4991361791709794
2.3564178653179995
-0.594054967075125
0.7771884163344022
2.6912172660942786
1.1709906626537305
-2.0486498825342614
0.4911972393774753
1.287170741397019
-2.8467197023606214
0.12467667057683172
0.890658316318179
-2.855647061101155
0.806291525157358
-2.8552171958396397
-1.5133285075922849
-0.3899687189404124
-3.017479093745426
-2.695699226860346
2.0233065883072263
-2.1412535555638406
0.5088700172001641
-0.7737894372909563
-0.3004305660956762
-0.06763877613899957
-2.9541012313002404
-1.9580717829877994
-1.9412507933088852
1.6097964936012767
-2.130388269745315
2.159055117249983
-2.5305318440843427
-1.7615897427320582
-0.7609481037344953
-2.8970407641006735
-2.433781472188874
0.1116153857368132
-2.058202873755026
-1.986310113393675
0.032498710564658764
-0.22663113209331828
2.7871101542555388
2.8976441763473986
-2.0004598764791788
-2.7741765739030866
-0.2935269965329375
-0.8361253376534755
0.8931746597081833
2.3713899262912967
-1.0094300625366277
-3.0614055793699264
2.7509218114987224
1.5893003798810286
-1.22704396975521
-2.484522270699266
1.4504157445075738
1.169916820261871
-1.2132621933796979
2.4331300012109374
1.2032954965652358
-2.731948101749199
1.8721285484294956
-2.9191166258547616
-1.784609650370249
-2.8491155051811767
0.2048545970354827
-2.000554961584025
-2.034950662624312
-1.0129422484488617
2.46689937535556
-1.7224212473426317
1.814400115194383
-0.25139354811847864
3.040600312173256
2.009855809244005
-2.957184640285623
0.20248208782703533
2.4021154832354625
1.993129094879411
-1.0115064343167124
1.4615531273737483
0.6142521532350702
0.5583573892417331
1.2735112196568934
2.444089955135139
-0.9053629211976846
2.6842591187278533
-0.5535966869742066
2.8913510347745692
1.5874846684149018
2.549822457490191
2.464846897638757
-0.6125960871296924
0.9816193651765956
-0.506003070596236
-1.0440339463155586
2.315309279054469
1.4698132117336717
2.1960294561014524
-2.1474156543419345
-2.089257976586664
-1.5844426603620116
-2.3765063861724993
0.24066505329007276
0.03148233316682479
-0.5104380368212807
2.810946906206684
-1.0239256450431684
-0.2957089722320313
1.5470211678974086
-1.9875691094569816
0.7076676068011821
2.0330669888663655
0.8587261331019906
-1.1376095030431126
2.834570324614161
1.353014986431583
-1.724618370709705
1.6287235990349949
-0.23326714039340005
1.7586003264487473
-2.9181491079740374
-2.238028508495037
2.417361767549662
-2.48719485037372
-0.847140070074689
0.5638655876598713
-1.2143551091044567
-1.1377903801017932
0.7312548763897652
1.429594411634905
-0.31494670296244986
0.34350237603607925
-1.7454302678198295
2.7833831835791085
-1.2123306794398723
1.6098523026163127
1.3855422195526135
-1.9660485207887706
3.100895228562465
-2.6224948886798782
0.4528755971057943
-1.5945226030449342
-2.806080792081954
1.8073625461524987
-2.576349933892738
-2.1162111215982424
0.07676083684472286
-0.5366913193612463
-1.0656641101427355
-0.03745334950970752
-2.960547027861475
2.7094025144136267
-3.1145384973177155
-1.7365443686548996
1.9223593254870592
0.374921227800199
-0.49864413512703987
2.161087339837263
-0.845819284060453
-1.3132019923606877
2.6674696922248544
-0.74222077029067
-2.888562595852722
2.49590681541868
-3.133424056899258
-1.8160988261486597
-0.33652240037015146
1.737171908314647
0.7949899343682731
2.158252891482795
-2.5018832890839966
-2.752853421058102
1.6473320458774667
-2.9907059826454105
0.8832913953858419
1.3864285526861
2.1093022636413528
3.07256188428658
2.2680224882557156
0.9439142912309757
0.5623088771074367
-1.4775561306090041
-1.941298992147738
2.3979596205529177
2.0985370056897916
-2.6245630830461635
-0.6571756837026701
-2.2908759071840366
-2.569848691582562
1.5750547729833189
-0.027905476191069683
0.29328773985973366
0.5914265539371972
0.3405315897851236
0.6151975938029014
0.2889463041417572
-0.9792861791960016
-0.8484185633204024
-1.0499160583759954
2.8409601611188418
-1.4449789822246992
-2.986635937358229
1.8107234159697259
2.4802873395018423
-1.2623674707102188
1.9548235559706804
-0.8750311405323512
1.484103545869687
2.3629919459432696
-0.7870348809320793
-2.7676249542911986
-1.9130821691272495
0.4971007008523369
1.1925504688996624
-1.3224682169732054
-1.8883968525082069
-1.29015483134313
1.0175378332319518
0.46180973495573674
2.36497292439937
-2.524330590853007
-2.885850600865239
-2.2450829361136675
-1.2388146762705066
-3.1306273486902483
0.27805978705491124
-0.7645661627573338
-2.350164841377822
-0.8759595986285834
1.2166331267818908
-1.1642885518630102
0.9319598252449578
0.10954257545543193
2.3980525074774834
1.660127685601799
1.4769926748668378
3.1284744780883313
2.74560348137652
2.4905310139227774
1.4536074208796324
0.28800045651632655
-1.9199498408979458
-1.5711923554344351
1.5692114126523042
-2.5507656056813994
1.7175131585217789
2.9950813827925775
0.4409143989260999
1.2159902847314716
-1.791696252496645
1.8221697612983656
1.6756467536759678
-2.817264568703667
2.5140577155676658
-2.129488696760829
2.761009014385257
2.3903064824205966
0.5036283685785145
0.15556979710247357
1.0569028436301013
0.9018587482794234
-2.745297948311619
-1.5925088900607616
-1.7094336868259274
1.2243896765077078
-0.13391361439702085
0.0860254320133212
-2.87816800180045
-2.468902306121414
1.7620629935047751
-0.9937901324914197
-1.8579147201890778
0.61296539407
-1.9188742113355892
2.5120738425141593
0.6073758787146238
0.18027274607530036
2.7348183453044763
-2.844145593287907
-1.0214643883725616
1.3014799032154063
2.8171293510313933
1.1436714741355136
-0.5944628400192294
1.7656751794379637
-2.159481194542733
-1.3051897415271432
0.48904608675519606
3.0577943055521426
0.41639783988420437
1.8547310001652395
-2.653378950012464
-2.2660625047228846
-2.47127740661005
1.5191915691420395
2.034454066059231
-2.2533969886189325
1.4182777172591061
2.590120087838004
2.4130524674256586
-2.555478168054352
-1.7622666721764506
1.9104909209255232
0.9957207142122414
-0.3409327537678882
1.424860149980491
1.136145856912482
-0.41373531640838573
-0.1800524369278616
-2.176486055214602
0.3124971932035987
1.4952621041651388
-2.620627808699613
2.2177181495447713
-1.0218273370360804
2.0259905463092833
-0.5447920035824216
1.3503065566835557
0.9659790306258679
1.2909576468326383
-0.42252085395487027
0.6553945910568181
-1.3606989326264076
1.711153538791062
-0.46783115072558035
-3.1056616797428322
1.9313177083898811
2.0294971585751025
-0.5206579438448214
2.8370803941594036
0.4355100706828903
-1.5033759261417607
1.3803860661004308
1.7477012733189796
-1.518495630860503
0.4910030728584049
2.3092828427582615
0.834858843571777
-0.3499394121501418
1.4517892163201918
-3.0788965623276847
0.08248358971729766
-1.7435791658685587
-0.6049984552450556
0.7922068512413232
3.1146549032409934
2.276413389248142
-2.6288257203530123
2.3917118291205868
0.10595991061954396
1.766203712779157
1.595017893951865
0.666165175353258
0.39195410582726997
0.6327239142351375
0.05052593027277014
-1.0989121213020139
-0.9469207089734409
0.7076757925520872
0.554495987505568
2.9286995683987684
0.635238695018178
2.825092014156607
-1.074933006875039
1.603339399383467
-0.4660200964168846
-2.972277394509239
-0.5791066973669245
-2.335168455978714
-1.0618057098981117
2.279649522540024
-0.23708524816796786
